[gd_scene format=3 uid="uid://dpiqq2mofjo41"]

[ext_resource type="PackedScene" uid="uid://b2f1xub0euilr" path="res://weapons/smg/smg_weapon.glb" id="1_jsj7r"]
[ext_resource type="Script" uid="uid://xk0070bl51jw" path="res://codebase/authority/character/LocalCharacter.cs" id="1_kdsgb"]
[ext_resource type="Script" uid="uid://dqm5yegv557dq" path="res://codebase/authority/character/LocalAnimation.cs" id="2_kdsgb"]
[ext_resource type="Material" uid="uid://bhk5ls04eiljn" path="res://weapons/smg/materials/mag.tres" id="3_6yiuc"]
[ext_resource type="Material" uid="uid://vx7wmhhf2x28" path="res://weapons/smg/materials/smg_sight.tres" id="3_on0hx"]
[ext_resource type="Material" uid="uid://cjcl322l8byiw" path="res://weapons/smg/materials/smg.tres" id="3_sfvq1"]
[ext_resource type="Material" uid="uid://dgopws4wfarty" path="res://weapons/smg/materials/t4.tres" id="4_gr8q5"]
[ext_resource type="ArrayMesh" uid="uid://baau1ui2gucln" path="res://character/meshes/character_smg_Mesh.res" id="5_p5l30"]
[ext_resource type="ArrayMesh" uid="uid://cop1agnojxgb3" path="res://character/meshes/character_smg_Mesh_016.res" id="6_jy054"]
[ext_resource type="ArrayMesh" uid="uid://cvq7lhnq2csnd" path="res://character/meshes/character_smg_Mesh_021.res" id="7_71qnc"]
[ext_resource type="ArrayMesh" uid="uid://yv46lqiss6pe" path="res://character/meshes/character_smg_Mesh_005.res" id="8_32ufs"]
[ext_resource type="Material" uid="uid://ddwq2oj1qsxqr" path="res://fx/smoke/smoke.tres" id="9_fbhf0"]
[ext_resource type="ArrayMesh" uid="uid://v6umj6b1d4mq" path="res://character/meshes/character_smg_Mesh_015.res" id="9_hksrr"]
[ext_resource type="Material" uid="uid://bvgalksu1f0ov" path="res://fx/muzzle/muzzle.tres" id="9_ulwx7"]
[ext_resource type="ArrayMesh" uid="uid://diyjfb6nktynf" path="res://character/meshes/character_smg_Mesh_020.res" id="10_h5j6i"]
[ext_resource type="Script" uid="uid://csjueawpx508g" path="res://codebase/hud/HudCs2.cs" id="11_m8toa"]
[ext_resource type="ArrayMesh" uid="uid://cdl5iqg2xw3qo" path="res://character/meshes/character_smg_Mesh_003.res" id="11_uixff"]
[ext_resource type="ArrayMesh" uid="uid://bjk35aibenswq" path="res://character/meshes/character_smg_Mesh_004.res" id="12_6pwmv"]
[ext_resource type="Script" uid="uid://bkqs6hfjpr8bx" path="res://codebase/fx/FootstepAudio.cs" id="12_fstep"]
[ext_resource type="ArrayMesh" uid="uid://duu6vh8h6qkwy" path="res://character/meshes/character_smg_Mesh_013.res" id="13_gmeqo"]
[ext_resource type="Script" uid="uid://yjiwdhuuo1lo" path="res://codebase/fx/WeaponAudio.cs" id="13_wpnaud"]
[ext_resource type="ArrayMesh" uid="uid://cfmj0lrthl67t" path="res://character/meshes/character_smg_Mesh_017.res" id="14_5argf"]
[ext_resource type="ArrayMesh" uid="uid://b6u41yfdlspm4" path="res://character/meshes/character_smg_Mesh_027.res" id="15_abd4s"]
[ext_resource type="ArrayMesh" uid="uid://uxv2323pvasx" path="res://character/meshes/character_smg_Mesh_028.res" id="16_jmc6s"]
[ext_resource type="ArrayMesh" uid="uid://cf538a3ra50im" path="res://character/meshes/character_smg_Mesh_029.res" id="17_7lxhl"]
[ext_resource type="ArrayMesh" uid="uid://mh3ev8a66aml" path="res://character/meshes/character_smg_Mesh_031.res" id="18_pn5ic"]
[ext_resource type="ArrayMesh" uid="uid://bmnwop85q7teo" path="res://character/meshes/character_smg_Mesh_034.res" id="19_kke6j"]
[ext_resource type="ArrayMesh" uid="uid://x050j6vijmma" path="res://character/meshes/character_smg_Mesh_036.res" id="20_kl7wk"]
[ext_resource type="ArrayMesh" uid="uid://eqshehoj5mei" path="res://character/meshes/character_smg_Mesh_043.res" id="21_ehh5g"]
[ext_resource type="ArrayMesh" uid="uid://tgqhb7g5cf4c" path="res://character/meshes/character_smg_Mesh_023.res" id="22_sxb0h"]
[ext_resource type="ArrayMesh" uid="uid://gao0af4a3sp6" path="res://character/meshes/character_smg_Mesh_045.res" id="23_gb43w"]
[ext_resource type="ArrayMesh" uid="uid://dxvjd5metng4n" path="res://character/meshes/character_smg_Mesh_041.res" id="24_82le2"]
[ext_resource type="ArrayMesh" uid="uid://dk1hm0jq7k8w" path="res://character/meshes/character_smg_Mesh_024.res" id="25_vylpc"]
[ext_resource type="ArrayMesh" uid="uid://dcnp1c40mgnoq" path="res://character/meshes/character_smg_Mesh_032.res" id="26_tuuc2"]
[ext_resource type="ArrayMesh" uid="uid://c1jv34f2og7u2" path="res://character/meshes/character_smg_Mesh_002.res" id="27_waunm"]
[ext_resource type="ArrayMesh" uid="uid://dcqi5u6s3tae" path="res://character/meshes/character_smg_Mesh_001.res" id="28_l5155"]
[ext_resource type="ArrayMesh" uid="uid://b5e40ntvheupj" path="res://character/meshes/character_smg_Mesh_006.res" id="29_orx15"]
[ext_resource type="ArrayMesh" uid="uid://i7pg5lq2r3jc" path="res://character/meshes/character_smg_Mesh_026.res" id="30_bqvhq"]
[ext_resource type="ArrayMesh" uid="uid://dva3oxivsxrlw" path="res://character/meshes/character_smg_Mesh_025.res" id="31_8j6se"]
[ext_resource type="ArrayMesh" uid="uid://orr76hml87qi" path="res://character/meshes/character_smg_Mesh_008.res" id="32_03pyi"]
[ext_resource type="ArrayMesh" uid="uid://412htlvmuk3i" path="res://character/meshes/character_smg_Mesh_009.res" id="33_3ihr2"]
[ext_resource type="ArrayMesh" uid="uid://xm24mr28luuf" path="res://character/meshes/character_smg_Mesh_010.res" id="34_q8hd8"]
[ext_resource type="ArrayMesh" uid="uid://uex6rwbvhjhw" path="res://character/meshes/character_smg_Mesh_011.res" id="35_oxbko"]
[ext_resource type="ArrayMesh" uid="uid://cf6uafqpunx10" path="res://character/meshes/character_smg_Mesh_014.res" id="36_56ymc"]
[ext_resource type="ArrayMesh" uid="uid://dfooknpmy1hgu" path="res://character/meshes/character_smg_Mesh_018.res" id="37_7n6fr"]
[ext_resource type="ArrayMesh" uid="uid://hug7tgqif04s" path="res://character/meshes/character_smg_Mesh_012.res" id="38_2esfi"]
[ext_resource type="ArrayMesh" uid="uid://dnxyfbep0gpbx" path="res://character/meshes/character_smg_Mesh_019.res" id="39_3xs82"]
[ext_resource type="ArrayMesh" uid="uid://du33d5v5qfkep" path="res://character/meshes/character_smg_Mesh_022.res" id="40_146pb"]
[ext_resource type="ArrayMesh" uid="uid://dsqnnd7ympwyn" path="res://character/meshes/character_smg_Mesh_030.res" id="41_kp8jk"]
[ext_resource type="ArrayMesh" uid="uid://hxgy1083rx8d" path="res://character/meshes/character_smg_Mesh_033.res" id="42_3s66n"]
[ext_resource type="ArrayMesh" uid="uid://ijctqw3lb1q1" path="res://character/meshes/character_smg_Mesh_035.res" id="43_p30at"]
[ext_resource type="ArrayMesh" uid="uid://demm671avammj" path="res://character/meshes/character_smg_Mesh_042.res" id="44_g6a5n"]
[ext_resource type="ArrayMesh" uid="uid://lqo1hrm23awf" path="res://character/meshes/character_smg_Mesh_039.res" id="45_m34p2"]
[ext_resource type="ArrayMesh" uid="uid://ihf5meg8te3m" path="res://character/meshes/character_smg_Mesh_044.res" id="46_0nq8o"]
[ext_resource type="ArrayMesh" uid="uid://cij412sqt8nd4" path="res://character/meshes/character_smg_Mesh_040.res" id="47_xusxn"]
[ext_resource type="ArrayMesh" uid="uid://j4ruiuljygpr" path="res://character/meshes/character_smg_Mesh_037.res" id="48_rxf61"]
[ext_resource type="ArrayMesh" uid="uid://4ohv2aeo8n6g" path="res://character/meshes/character_smg_Mesh_038.res" id="49_gmpuu"]
[ext_resource type="ArrayMesh" uid="uid://cy6j844cypmhm" path="res://character/meshes/character_smg_Mesh_007.res" id="50_uba1s"]

[sub_resource type="CapsuleShape3D" id="CapsuleShape3D_gr8q5"]
radius = 0.4
height = 1.8

[sub_resource type="CameraAttributesPractical" id="CameraAttributesPractical_kdsgb"]
auto_exposure_enabled = true
auto_exposure_speed = 2.0
dof_blur_far_distance = 90.0
dof_blur_far_transition = 70.0
dof_blur_near_distance = 0.3
dof_blur_near_transition = 0.4
dof_blur_amount = 0.08
auto_exposure_min_sensitivity = 150.0
auto_exposure_max_sensitivity = 380.0

[sub_resource type="Skin" id="Skin_wkx3l"]
resource_name = "Skin"
bind_count = 138
bind/0/name = &"pelvis"
bind/0/bone = -1
bind/0/pose = Transform3D(-1.6100084e-07, 0.9979903, -0.06336739, 1.4659152e-07, -0.0633674, -0.99799055, -1.0000001, -1.7003836e-07, -1.4067942e-07, -95.559555, 8.353008, 1.682638e-05)
bind/1/name = &"spine_01"
bind/1/bone = -1
bind/1/pose = Transform3D(-1.6460048e-07, 0.9822081, 0.18779652, 1.1509539e-07, 0.18779646, -0.9822082, -1.0000002, -1.4012934e-07, -1.4854373e-07, -98.17953, -16.68675, 1.3978903e-05)
bind/2/name = &"spine_02"
bind/2/bone = -1
bind/2/pose = Transform3D(-1.633703e-07, 0.9917614, 0.12809919, 1.2428562e-07, 0.12809913, -0.99176145, -1.0000001, -1.4617541e-07, -1.4877399e-07, -105.79113, -10.312749, 1.4683869e-05)
bind/3/name = &"spine_03"
bind/3/bone = -1
bind/3/pose = Transform3D(-1.6111912e-07, 0.9980417, -0.062552825, 1.5017967e-07, -0.062552884, -0.9980418, -1.0000001, -1.7026973e-07, -1.4439183e-07, -112.93121, 11.33753, 1.7507391e-05)
bind/4/name = &"spine_04"
bind/4/bone = -1
bind/4/pose = Transform3D(-8.6656115e-08, 0.9864198, -0.16424394, -7.683905e-06, -0.164244, -0.9864199, -1.0000001, 1.176484e-06, 7.589204e-06, -119.65992, 23.693138, -0.00017511706)
bind/5/name = &"spine_05"
bind/5/bone = -1
bind/5/pose = Transform3D(-5.1523e-08, 0.9843969, -0.17596245, -5.2719788e-08, -0.17596251, -0.984397, -1.0000001, -4.1514234e-08, 5.6378806e-08, -138.8082, 25.345602, 3.253359e-07)
bind/6/name = &"neck_01"
bind/6/bone = -1
bind/6/pose = Transform3D(-2.2440188e-08, 0.9711602, 0.23842826, -9.0378435e-08, 0.23842815, -0.97116023, -1.0000001, -4.341364e-08, 7.783706e-08, -148.0241, -37.954403, 2.489856e-08)
bind/7/name = &"neck_02"
bind/7/bone = -1
bind/7/pose = Transform3D(-2.276826e-07, 0.97858053, 0.2058645, 1.8194797e-06, 0.20586441, -0.97858065, -1.0000001, 1.5168847e-07, -1.8319637e-06, -154.31639, -32.819485, -3.1683012e-05)
bind/8/name = &"head"
bind/8/bone = -1
bind/8/pose = Transform3D(5.5233517e-07, 1, -1.4900834e-08, 1.2309614e-07, -8.9406335e-08, -1.0000001, -1.0000001, 5.522632e-07, -1.2768074e-07, -162.5751, 0.66313875, -9.719475e-05)
bind/9/name = &"clavicle_l"
bind/9/bone = -1
bind/9/pose = Transform3D(0.9872234, -0.1525894, -0.045897998, -0.04588609, 0.0036013941, -0.9989402, 0.15259299, 0.9882831, -0.0034462698, 20.83445, -2.1993322, -144.81073)
bind/10/name = &"upperarm_l"
bind/10/bone = -1
bind/10/pose = Transform3D(0.57603353, -0.81709063, 0.023413943, -0.032592166, -0.051578805, -0.9981369, 0.8167761, 0.57419735, -0.056341823, 106.43033, 5.472973, -98.11616)
bind/11/name = &"lowerarm_l"
bind/11/bone = -1
bind/11/pose = Transform3D(0.46829763, -0.6027442, 0.6460622, 0.3370075, -0.554073, -0.7612023, 0.8167761, 0.57419723, -0.056341752, 57.705296, 53.733746, -98.11616)
bind/12/name = &"lowerarm_twist_02_l"
bind/12/bone = -1
bind/12/pose = Transform3D(0.5040996, -0.60398936, 0.6173171, 0.3384904, -0.5194217, -0.78461784, 0.79454875, 0.6044817, -0.057395637, 47.473587, 49.76901, -100.734604)
bind/13/name = &"lowerarm_twist_01_l"
bind/13/bone = -1
bind/13/pose = Transform3D(0.5040988, -0.6039896, 0.6173173, 0.33849075, -0.51942176, -0.7846175, 0.794549, 0.60448116, -0.05739493, 38.39949, 50.089825, -100.46809)
bind/14/name = &"lowerarm_correctiveRoot_l"
bind/14/bone = -1
bind/14/pose = Transform3D(0.49292523, -0.58499956, 0.64404947, 0.35576984, -0.539998, -0.7627775, 0.7940103, 0.60512596, -0.058053397, 54.694153, 51.372375, -101.061485)
bind/15/name = &"lowerarm_fwd_l"
bind/15/bone = -1
bind/15/pose = Transform3D(0.49292558, -0.584999, 0.6440498, 0.7940102, 0.60512626, -0.05805409, -0.3557698, 0.5399986, 0.76277727, 53.000584, -100.62264, -55.03162)
bind/16/name = &"lowerarm_bck_l"
bind/16/bone = -1
bind/16/pose = Transform3D(0.49292576, -0.58499926, 0.6440495, -0.7940103, -0.60512614, 0.05805421, 0.35576957, -0.53999835, -0.7627775, 54.031757, 99.89724, 46.454212)
bind/17/name = &"hand_l"
bind/17/bone = -1
bind/17/pose = Transform3D(0.4577666, -0.63486564, 0.6224107, -0.64550793, -0.718729, -0.25835738, 0.6113667, -0.28350362, -0.7388208, 34.6842, 109.974045, 12.011176)
bind/18/name = &"wrist_inner_l"
bind/18/bone = -1
bind/18/pose = Transform3D(0.24255617, -0.5618697, 0.7908658, -0.67827535, 0.48463458, 0.55233294, -0.6936204, -0.670397, -0.26355132, 35.30903, -26.967255, 105.612)
bind/19/name = &"wrist_outer_l"
bind/19/bone = -1
bind/19/pose = Transform3D(0.24255453, -0.5618712, 0.790865, 0.6782752, -0.48463452, -0.55233306, 0.69362086, 0.6703955, 0.26355308, 34.737545, 27.131758, -109.53423)
bind/20/name = &"index_metacarpal_l"
bind/20/bone = -1
bind/20/pose = Transform3D(0.382825, -0.5859589, 0.7142107, -0.60140175, -0.74492395, -0.28879884, 0.7012567, -0.31896803, -0.6375721, 27.990145, 111.53936, 11.729744)
bind/21/name = &"index_01_l"
bind/21/bone = -1
bind/21/pose = Transform3D(0.11282471, -0.83339936, 0.5410322, -0.7039251, -0.45133644, -0.54843885, 0.7012561, -0.31896862, -0.6375724, 64.53088, 93.57423, 11.488877)
bind/22/name = &"index_02_l"
bind/22/bone = -1
bind/22/pose = Transform3D(-0.07187844, -0.9214021, 0.38190514, -0.70927787, -0.22198552, -0.6690649, 0.701255, -0.3189681, -0.63757396, 82.46958, 74.89474, 11.489007)
bind/23/name = &"index_03_l"
bind/23/bone = -1
bind/23/pose = Transform3D(-0.2238834, -0.9476124, 0.22783072, -0.6768432, -0.017026003, -0.73593026, 0.70125556, -0.3189682, -0.637573, 94.20728, 55.804585, 11.488932)
bind/24/name = &"middle_metacarpal_l"
bind/24/bone = -1
bind/24/pose = Transform3D(0.48489758, -0.60591745, 0.6306648, -0.6701855, -0.7207369, -0.17717123, 0.5618945, -0.3367526, -0.75556064, 26.831438, 110.68865, 20.435942)
bind/25/name = &"middle_01_l"
bind/25/bone = -1
bind/25/pose = Transform3D(0.062226012, -0.8935907, 0.44454834, -0.8248665, -0.29680422, -0.4811471, 0.5618924, -0.33675325, -0.75556195, 75.61847, 83.44854, 20.436089)
bind/26/name = &"middle_02_l"
bind/26/bone = -1
bind/26/pose = Transform3D(-0.23431942, -0.94077015, 0.24504271, -0.79332864, 0.039354693, -0.6075203, 0.5618933, -0.33675328, -0.75556135, 95.462715, 53.04409, 20.43603)
bind/27/name = &"middle_03_l"
bind/27/bone = -1
bind/27/pose = Transform3D(-0.36852005, -0.91964376, 0.13582413, -0.7405887, 0.20212185, -0.64083946, 0.56189096, -0.33675203, -0.7555636, 100.78699, 36.0907, 20.436071)
bind/28/name = &"thumb_01_l"
bind/28/bone = -1
bind/28/pose = Transform3D(-0.23677799, -0.46744537, 0.85172236, 0.35804492, -0.85693294, -0.3707689, 0.9031832, 0.21716516, 0.3702694, 43.3196, 78.5349, -70.958626)
bind/29/name = &"thumb_02_l"
bind/29/bone = -1
bind/29/pose = Transform3D(-0.045745187, -0.75995195, 0.6483672, 0.47737408, -0.586771, -0.65407425, 0.87750846, 0.27959332, 0.38962343, 64.345726, 52.176235, -76.52827)
bind/30/name = &"thumb_03_l"
bind/30/bone = -1
bind/30/pose = Transform3D(0.037845116, -0.8502989, 0.5249374, 0.4780656, -0.4458914, -0.75672555, 0.8775083, 0.27959326, 0.38962397, 69.38945, 40.74583, -76.52828)
bind/31/name = &"pinky_metacarpal_l"
bind/31/bone = -1
bind/31/pose = Transform3D(0.50165975, -0.8194694, 0.27714112, -0.86150455, -0.5022994, 0.07419751, 0.078405075, -0.27598038, -0.95796007, 53.495533, 93.88327, 39.52771)
bind/32/name = &"pinky_01_l"
bind/32/bone = -1
bind/32/pose = Transform3D(0.2635402, -0.91778934, 0.29700005, -0.9303706, -0.32317397, -0.1731161, 0.25486666, -0.23069714, -0.9390536, 70.56903, 84.52448, 25.50925)
bind/33/name = &"pinky_02_l"
bind/33/bone = -1
bind/33/pose = Transform3D(-0.09220125, -0.9724968, 0.21388917, -0.96257085, 0.032068897, -0.26912612, 0.25486502, -0.23069732, -0.93905395, 92.88443, 54.52365, 25.509314)
bind/34/name = &"pinky_03_l"
bind/34/bone = -1
bind/34/pose = Transform3D(-0.17436603, -0.96616936, 0.19003426, -0.9511263, 0.11530623, -0.2864671, 0.2548635, -0.23069677, -0.9390546, 95.18343, 46.536434, 25.509363)
bind/35/name = &"ring_metacarpal_l"
bind/35/bone = -1
bind/35/pose = Transform3D(0.59060514, -0.6596323, 0.4648339, -0.73083293, -0.68147105, -0.038479697, 0.34215316, -0.3169897, -0.8845612, 29.85997, 107.22862, 30.395279)
bind/36/name = &"ring_01_l"
bind/36/bone = -1
bind/36/pose = Transform3D(0.15623789, -0.9099307, 0.384208, -0.8828341, -0.30308756, -0.35880634, 0.44293737, -0.2831329, -0.85067147, 73.8378, 84.41357, 20.992477)
bind/37/name = &"ring_02_l"
bind/37/bone = -1
bind/37/pose = Transform3D(-0.13914017, -0.9590378, 0.24675229, -0.88569057, 0.0090670865, -0.46418706, 0.44293547, -0.2831334, -0.8506723, 92.55545, 57.453827, 20.992687)
bind/38/name = &"ring_03_l"
bind/38/bone = -1
bind/38/pose = Transform3D(-0.27847904, -0.945342, 0.1696408, -0.8522079, 0.1617547, -0.49757093, 0.4429344, -0.28313243, -0.85067314, 98.29111, 42.333893, 20.992762)
bind/39/name = &"upperarm_twist_01_l"
bind/39/bone = -1
bind/39/pose = Transform3D(0.6064927, -0.79463166, 0.0269659, -0.029308006, -0.056235835, -0.9979871, 0.7945487, 0.60448176, -0.057395637, 93.38525, 6.0268197, -101.6968)
bind/40/name = &"upperarm_twist_02_l"
bind/40/bone = -1
bind/40/pose = Transform3D(0.57603323, -0.81709075, 0.023413403, -0.032592196, -0.051578153, -0.9981368, 0.8167762, 0.57419705, -0.056341466, 87.91623, 5.4728785, -98.116165)
bind/41/name = &"upperarm_correctiveRoot_l"
bind/41/bone = -1
bind/41/pose = Transform3D(0.57603335, -0.81709075, 0.02341289, -0.032592233, -0.051577553, -0.99813694, 0.8167762, 0.57419723, -0.05634115, 106.43031, 5.47279, -98.116135)
bind/42/name = &"upperarm_bck_l"
bind/42/bone = -1
bind/42/pose = Transform3D(0.57603353, -0.8170907, 0.023412881, -0.7842637, -0.5605131, -0.2659993, 0.23046884, 0.13486263, -0.9636888, 104.96255, 92.628586, -33.57558)
bind/43/name = &"upperarm_fwd_l"
bind/43/bone = -1
bind/43/pose = Transform3D(0.5844905, -0.7901835, -0.18433936, 0.81102604, 0.5758456, 0.103143305, 0.024648871, -0.20979023, 0.9774356, 100.47788, -98.13689, 23.09304)
bind/44/name = &"upperarm_in_l"
bind/44/bone = -1
bind/44/pose = Transform3D(0.99281865, -0.11668183, -0.026389323, 0.03259239, 0.05157759, 0.9981369, -0.11510346, -0.99182916, 0.05501005, -2.9110148, -6.0172057, 136.78665)
bind/45/name = &"upperarm_out_l"
bind/45/bone = -1
bind/45/pose = Transform3D(0.57603323, -0.8170909, 0.023412932, -0.032592215, -0.051577583, -0.998137, 0.81677634, 0.5741971, -0.05634115, 106.20995, 5.4210525, -103.92019)
bind/46/name = &"clavicle_out_l"
bind/46/bone = -1
bind/46/pose = Transform3D(0.99471325, -0.09858482, 0.028753685, 0.02780709, -0.0109628495, -0.99955326, 0.09885602, 0.9950683, -0.008163455, 0.9158154, -0.5984943, -151.36798)
bind/47/name = &"clavicle_scap_l"
bind/47/bone = -1
bind/47/pose = Transform3D(-0.9947084, 0.098552965, -0.028753163, -0.027806554, 0.010961808, 0.99955326, 0.09882429, 0.9950714, -0.008163364, -3.7794607, 8.487015, -143.26155)
bind/48/name = &"clavicle_r"
bind/48/bone = -1
bind/48/pose = Transform3D(0.9872301, 0.15259711, 0.04589825, -0.045884494, -0.0036013334, 0.99894077, 0.15259567, -0.9882832, 0.0034458449, -20.835592, 2.1993659, 144.81067)
bind/49/name = &"upperarm_r"
bind/49/bone = -1
bind/49/pose = Transform3D(0.57603943, 0.8170938, -0.02341359, -0.032590285, 0.051579244, 0.9981375, 0.8167807, -0.57419497, 0.056341697, -106.430244, -5.472931, 98.11564)
bind/50/name = &"lowerarm_r"
bind/50/bone = -1
bind/50/pose = Transform3D(0.4682994, 0.6027458, -0.6460643, 0.33701602, 0.5540752, 0.76120156, 0.8167804, -0.5741957, 0.056338843, -57.70548, -53.73367, 98.11579)
bind/51/name = &"lowerarm_twist_02_r"
bind/51/bone = -1
bind/51/pose = Transform3D(0.5041009, 0.6039912, -0.6173197, 0.33849913, 0.5194243, 0.7846168, 0.7945534, -0.60447955, 0.05739242, -47.473827, -49.76889, 100.73429)
bind/52/name = &"lowerarm_twist_01_r"
bind/52/bone = -1
bind/52/pose = Transform3D(0.50410074, 0.60399145, -0.61731976, 0.3384994, 0.51942426, 0.78461677, 0.79455346, -0.60447955, 0.05739206, -38.399803, -50.08966, 100.46775)
bind/53/name = &"lowerarm_correctiveRoot_r"
bind/53/bone = -1
bind/53/pose = Transform3D(0.49292788, 0.5850007, -0.6440517, 0.35577857, 0.54000026, 0.7627769, 0.7940139, -0.6051252, 0.058051106, -54.69423, -51.37231, 101.06152)
bind/54/name = &"lowerarm_fwd_r"
bind/54/bone = -1
bind/54/pose = Transform3D(0.4929268, 0.5850009, -0.64405227, 0.79401624, -0.6051219, 0.058054265, -0.3557749, -0.54000366, -0.76277614, -52.881554, 100.83519, 54.96058)
bind/55/name = &"lowerarm_bck_r"
bind/55/bone = -1
bind/55/pose = Transform3D(0.4929272, 0.5850012, -0.6440516, -0.7940162, 0.60512185, -0.05805454, 0.35577443, 0.5400033, 0.76277655, -53.92197, -100.07541, -46.371277)
bind/56/name = &"hand_r"
bind/56/bone = -1
bind/56/pose = Transform3D(0.4577663, 0.6348686, -0.622413, -0.645513, 0.7187253, 0.25835735, 0.6113735, 0.2835107, 0.7388197, -34.68458, -109.973595, -12.01161)
bind/57/name = &"wrist_inner_r"
bind/57/bone = -1
bind/57/pose = Transform3D(0.24255437, 0.5618717, -0.7908666, -0.67828393, -0.48463807, -0.5523315, -0.6936229, 0.67039436, 0.26355445, -35.309162, 26.967003, -105.611786)
bind/58/name = &"wrist_outer_r"
bind/58/bone = -1
bind/58/pose = Transform3D(0.24255449, 0.5618718, -0.7908665, 0.6782839, 0.48463804, 0.55233175, 0.6936228, -0.6703943, -0.26355454, -34.737328, -27.131561, 109.53415)
bind/59/name = &"pinky_metacarpal_r"
bind/59/bone = -1
bind/59/pose = Transform3D(0.5016614, 0.81947345, -0.27714345, -0.8615117, 0.50229335, -0.074198365, 0.07840768, 0.27598408, 0.9579599, -53.495514, -93.88283, -39.527817)
bind/60/name = &"pinky_01_r"
bind/60/bone = -1
bind/60/pose = Transform3D(0.2635408, 0.9177917, -0.29700127, -0.9303776, 0.32316795, 0.17311376, 0.25486833, 0.23070149, 0.9390541, -70.56915, -84.524155, -25.50954)
bind/61/name = &"pinky_02_r"
bind/61/bone = -1
bind/61/pose = Transform3D(-0.09220287, 0.97249717, -0.21389036, -0.96257824, -0.032075725, 0.2691226, 0.2548649, 0.23070076, 0.9390552, -92.8844, -54.523354, -25.509644)
bind/62/name = &"pinky_03_r"
bind/62/bone = -1
bind/62/pose = Transform3D(-0.17436731, 0.96616936, -0.19003522, -0.95113355, -0.11531234, 0.28646323, 0.2548632, 0.2306994, 0.939056, -95.18343, -46.536205, -25.50959)
bind/63/name = &"ring_metacarpal_r"
bind/63/bone = -1
bind/63/pose = Transform3D(0.59060735, 0.65963525, -0.46483716, -0.73083836, 0.6814672, 0.038478713, 0.3421587, 0.31699556, 0.88456017, -29.860226, -107.228615, -30.395542)
bind/64/name = &"ring_01_r"
bind/64/bone = -1
bind/64/pose = Transform3D(0.15623806, 0.9099321, -0.3842088, -0.88284093, 0.30308193, 0.35880405, 0.44294003, 0.28313777, 0.8506727, -73.83794, -84.413376, -20.992905)
bind/65/name = &"ring_02_r"
bind/65/bone = -1
bind/65/pose = Transform3D(-0.1391394, 0.95903844, -0.24675085, -0.8856988, -0.0090726875, 0.46418202, 0.44293568, 0.2831343, 0.8506762, -92.55539, -57.45369, -20.992903)
bind/66/name = &"ring_03_r"
bind/66/bone = -1
bind/66/pose = Transform3D(-0.27848062, 0.9453415, -0.16964035, -0.85221416, -0.16176003, 0.49756914, 0.44293773, 0.28313464, 0.85067505, -98.29111, -42.33387, -20.992762)
bind/67/name = &"middle_metacarpal_r"
bind/67/bone = -1
bind/67/pose = Transform3D(0.48489907, 0.6059199, -0.6306667, -0.6701904, 0.7207338, 0.17717047, 0.5619005, 0.33675855, 0.75556016, -26.831678, -110.68866, -20.436235)
bind/68/name = &"middle_01_r"
bind/68/bone = -1
bind/68/pose = Transform3D(0.06222621, 0.8935922, -0.4445483, -0.8248737, 0.29679883, 0.4811443, 0.5618948, 0.33675802, 0.75556463, -75.61859, -83.448395, -20.436586)
bind/69/name = &"middle_02_r"
bind/69/bone = -1
bind/69/pose = Transform3D(-0.23432045, 0.94077003, -0.2450428, -0.79333633, -0.03936032, 0.6075161, 0.5618946, 0.33675647, 0.7555654, -95.46263, -53.043804, -20.436375)
bind/70/name = &"middle_03_r"
bind/70/bone = -1
bind/70/pose = Transform3D(-0.3685212, 0.9196432, -0.1358252, -0.74059474, -0.2021253, 0.6408375, 0.56189483, 0.33675525, 0.7555659, -100.78693, -36.090683, -20.436342)
bind/71/name = &"index_metacarpal_r"
bind/71/bone = -1
bind/71/pose = Transform3D(0.3828249, 0.5859607, -0.71421236, -0.6014059, 0.74492097, 0.2887981, 0.70126325, 0.31897506, 0.6375712, -27.990358, -111.53939, -11.730059)
bind/72/name = &"index_01_r"
bind/72/bone = -1
bind/72/pose = Transform3D(0.11282572, 0.8333995, -0.5410342, -0.70393103, 0.45133382, 0.54843575, 0.7012601, 0.31897566, 0.6375745, -64.530685, -93.574196, -11.489388)
bind/73/name = &"index_02_r"
bind/73/bone = -1
bind/73/pose = Transform3D(-0.07188048, 0.92140156, -0.38190752, -0.70928276, 0.22198209, 0.66906345, 0.7012598, 0.31897563, 0.63757473, -82.46949, -74.89459, -11.489435)
bind/74/name = &"index_03_r"
bind/74/bone = -1
bind/74/pose = Transform3D(-0.22388037, 0.9476136, -0.22782908, -0.6768511, 0.017022174, 0.7359263, 0.70125914, 0.31896842, 0.63757926, -94.20723, -55.804573, -11.488953)
bind/75/name = &"thumb_01_r"
bind/75/bone = -1
bind/75/pose = Transform3D(-0.23678066, 0.46744663, -0.8517216, 0.35805407, 0.85693383, 0.37076956, 0.90318704, -0.21716487, -0.3702718, -43.31967, -78.534134, 70.95872)
bind/76/name = &"thumb_02_r"
bind/76/bone = -1
bind/76/pose = Transform3D(-0.045745544, 0.7599528, -0.6483671, 0.477384, 0.5867727, 0.65407336, 0.87751156, -0.27959245, -0.38962677, -64.34579, -52.175957, 76.52837)
bind/77/name = &"thumb_03_r"
bind/77/bone = -1
bind/77/pose = Transform3D(0.037843846, 0.8502996, -0.5249382, 0.4780746, 0.4458948, 0.75672394, 0.87751186, -0.27959028, -0.38962752, -69.38955, -40.74571, 76.52816)
bind/78/name = &"upperarm_twist_01_r"
bind/78/bone = -1
bind/78/pose = Transform3D(0.6064998, 0.79463416, -0.026965776, -0.029305847, 0.056236472, 0.99798787, 0.7945523, -0.6044806, 0.05739545, -93.38514, -6.0267935, 101.69652)
bind/79/name = &"upperarm_twist_02_r"
bind/79/bone = -1
bind/79/pose = Transform3D(0.57604045, 0.8170931, -0.023413518, -0.032590173, 0.051579166, 0.9981375, 0.81678, -0.574196, 0.056341592, -87.91615, -5.472903, 98.11605)
bind/80/name = &"upperarm_correctiveRoot_r"
bind/80/bone = -1
bind/80/pose = Transform3D(0.57603234, 0.81709874, -0.023413386, -0.032590065, 0.051578242, 0.99813765, 0.81678575, -0.57418793, 0.05634073, -106.43106, -5.472779, 98.11469)
bind/81/name = &"upperarm_bck_r"
bind/81/bone = -1
bind/81/pose = Transform3D(0.57603663, 0.81709576, -0.023413854, -0.7842697, 0.56050897, 0.26599744, 0.23047139, -0.13485828, 0.96369, -104.830986, -92.81048, 33.629566)
bind/82/name = &"upperarm_in_r"
bind/82/bone = -1
bind/82/pose = Transform3D(0.9928274, 0.11667525, 0.026388165, 0.032589067, -0.05158183, -0.9981375, -0.11509172, 0.99183106, -0.055013046, 3.1587536, 6.0193834, -136.81764)
bind/83/name = &"upperarm_fwd_r"
bind/83/bone = -1
bind/83/pose = Transform3D(0.58449394, 0.790189, 0.18433928, 0.81103253, -0.57584083, -0.10314134, 0.02464816, 0.20978859, -0.9774365, -100.3433, 98.32398, -23.087154)
bind/84/name = &"upperarm_out_r"
bind/84/bone = -1
bind/84/pose = Transform3D(0.5760273, 0.8171024, -0.023413742, -0.032590065, 0.05157824, 0.9981376, 0.8167893, -0.5741828, 0.056340586, -106.078445, -5.4286056, 104.10766)
bind/85/name = &"clavicle_out_r"
bind/85/bone = -1
bind/85/pose = Transform3D(0.9947218, 0.09857424, -0.028753974, 0.02780984, 0.010963217, 0.9995537, 0.098840095, -0.99507076, 0.008163211, -0.6849952, 0.6171188, 151.39043)
bind/86/name = &"clavicle_scap_r"
bind/86/bone = -1
bind/86/pose = Transform3D(-0.99471265, -0.09858576, 0.02875385, -0.027809238, -0.010963192, -0.99955374, 0.098851725, -0.9950695, 0.008162882, 3.5537376, -8.493518, 143.2851)
bind/87/name = &"thigh_r"
bind/87/bone = -1
bind/87/pose = Transform3D(-0.05451467, -0.9985123, 0.0012729281, -0.14601313, 0.009232841, 0.98923993, -0.9877799, 0.05374233, -0.14629932, 92.85751, -4.8418703, -14.501439)
bind/88/name = &"calf_r"
bind/88/bone = -1
bind/88/pose = Transform3D(-0.041578803, -0.9955102, -0.08503454, -0.15021297, -0.077912375, 0.98557925, -0.9877793, 0.053752605, -0.14629912, 49.749718, -0.503632, -14.502349)
bind/89/name = &"foot_r"
bind/89/bone = -1
bind/89/pose = Transform3D(0.004649655, -0.9995022, -0.031211374, -0.14803812, -0.03155578, 0.9884784, -0.9889712, 2.452454e-05, -0.1481112, 8.268884, -0.8520407, -14.07826)
bind/90/name = &"ball_r"
bind/90/bone = -1
bind/90/pose = Transform3D(0.14803784, 0.031556316, -0.98847836, 0.0046496363, -0.9995021, -0.031211978, -0.9889711, 2.4624187e-05, -0.14811093, 16.08963, 1.2594502, -13.539316)
bind/91/name = &"ankle_fwd_r"
bind/91/bone = -1
bind/91/pose = Transform3D(-0.045475237, -0.9919452, -0.11822511, -0.9859052, 0.06364016, -0.15473172, 0.16100895, 0.10952222, -0.98085755, 9.99836, -14.263171, 5.306421)
bind/92/name = &"ankle_bck_r"
bind/92/bone = -1
bind/92/pose = Transform3D(-0.04547525, -0.9919452, -0.118225, 0.9859051, -0.06364014, 0.15473154, -0.16100904, -0.10952208, 0.9808576, 7.562059, 15.562673, 3.65729)
bind/93/name = &"calf_twist_02_r"
bind/93/bone = -1
bind/93/pose = Transform3D(-0.044064805, -0.99828786, -0.03846858, -0.14803872, -0.031556062, 0.9884782, -0.98799974, 0.049252063, -0.14639483, 35.680225, -2.1603777, -14.379608)
bind/94/name = &"calf_twist_01_r"
bind/94/bone = -1
bind/94/pose = Transform3D(-0.044065, -0.9982878, -0.03846865, -0.14803864, -0.031556107, 0.9884781, -0.9879997, 0.049252257, -0.14639474, 21.623093, -1.5062025, -14.480623)
bind/95/name = &"calf_correctiveRoot_r"
bind/95/bone = -1
bind/95/pose = Transform3D(-0.044222604, -0.9953628, -0.08542568, -0.15025593, -0.07790978, 0.98557293, -0.987658, 0.056420427, -0.14611384, 49.710728, -0.5042758, -14.635435)
bind/96/name = &"calf_kneeBack_r"
bind/96/bone = -1
bind/96/pose = Transform3D(-0.047797818, -0.9896553, -0.13526982, 0.9806461, -0.072236225, 0.18197799, -0.18986669, -0.123953596, 0.9739542, 49.07659, 15.038143, 7.113172)
bind/97/name = &"calf_knee_r"
bind/97/bone = -1
bind/97/pose = Transform3D(-0.047797713, -0.98965526, -0.13527045, -0.98064595, 0.07223626, -0.18197812, 0.18986687, 0.12395422, -0.973954, 49.577095, -15.049048, 3.892928)
bind/98/name = &"thigh_twist_01_r"
bind/98/bone = -1
bind/98/pose = Transform3D(-0.04672564, -0.9986946, -0.02063819, -0.14721969, -0.0135501325, 0.9890112, -0.98799986, 0.049250647, -0.14639445, 78.56493, -3.0517266, -14.1483345)
bind/99/name = &"thigh_twist_02_r"
bind/99/bone = -1
bind/99/pose = Transform3D(-0.046725642, -0.9986946, -0.020638192, -0.1472197, -0.013550133, 0.9890113, -0.9879999, 0.04925065, -0.14639445, 64.12174, -3.3813326, -14.213435)
bind/100/name = &"thigh_correctiveRoot_r"
bind/100/bone = -1
bind/100/pose = Transform3D(-0.054527275, -0.9985116, 0.0012713784, -0.14601311, 0.009233153, 0.98923993, -0.98777926, 0.053755023, -0.14629932, 92.85732, -4.8418975, -14.502623)
bind/101/name = &"thigh_fwd_r"
bind/101/bone = -1
bind/101/pose = Transform3D(-0.054524023, -0.99851173, 0.0012715339, -0.9877795, 0.053751793, -0.1462987, 0.14601253, -0.009232799, -0.98924, 97.098274, -13.747232, 11.616607)
bind/102/name = &"thigh_bck_r"
bind/102/bone = -1
bind/102/pose = Transform3D(-0.054524064, -0.99851173, 0.0012718011, 0.98777944, -0.053751793, 0.14629894, -0.14601272, 0.00923308, 0.98923993, 97.89484, 12.983152, 5.2203827)
bind/103/name = &"thigh_out_r"
bind/103/bone = -1
bind/103/pose = Transform3D(-0.05452383, -0.9985118, 0.0012718888, 0.146013, -0.009233149, -0.98924, 0.9877795, -0.053751543, 0.14629923, 98.67397, 4.241278, 19.612482)
bind/104/name = &"thigh_in_r"
bind/104/bone = -1
bind/104/pose = Transform3D(-0.05452672, -0.9985116, 0.0012714594, -0.14601272, 0.009233133, 0.98924, -0.9877794, 0.05375447, -0.14629894, 81.929, -5.6077633, -5.9246664)
bind/105/name = &"thigh_bck_lwr_r"
bind/105/bone = -1
bind/105/pose = Transform3D(-0.054524012, -0.99851173, 0.0012717955, 0.98777944, -0.05375174, 0.14629894, -0.14601272, 0.009233067, 0.98923993, 87.581184, 13.003092, 5.806608)
bind/106/name = &"thigh_fwd_lwr_r"
bind/106/bone = -1
bind/106/pose = Transform3D(-0.05452398, -0.9985118, 0.0012715396, -0.98777956, 0.053751748, -0.14629872, 0.14601259, -0.0092328, -0.98924005, 91.829315, -13.778021, 11.741529)
bind/107/name = &"thigh_l"
bind/107/bone = -1
bind/107/pose = Transform3D(-0.054524243, 0.9985117, -0.0012714942, -0.14601283, -0.009232818, -0.9892398, -0.98777914, -0.053751882, 0.14629894, -92.85678, 4.8325577, 14.503786)
bind/108/name = &"calf_l"
bind/108/bone = -1
bind/108/pose = Transform3D(-0.041578084, 0.9955102, 0.08503444, -0.15021284, 0.07791237, -0.9855791, -0.9877791, -0.05375174, 0.14629896, -49.748264, 0.49441355, 14.503782)
bind/109/name = &"foot_l"
bind/109/bone = -1
bind/109/pose = Transform3D(0.004649169, 0.9995021, 0.031212056, -0.14803737, 0.031556368, -0.9884783, -0.988971, -2.4934776e-05, 0.14811039, -8.267986, 0.8427483, 14.079794)
bind/110/name = &"ball_l"
bind/110/bone = -1
bind/110/pose = Transform3D(0.14803715, -0.031556368, 0.98847836, 0.00464919, 0.9995022, 0.031212054, -0.98897105, -2.4905905e-05, 0.14811017, -16.080341, -1.2585524, 13.540904)
bind/111/name = &"ankle_bck_l"
bind/111/bone = -1
bind/111/pose = Transform3D(-0.057188842, 0.9922455, 0.110357545, 0.9981224, 0.059253413, -0.015517287, -0.021936137, 0.10926286, -0.99377084, -7.5933924, -14.641314, -5.0946617)
bind/112/name = &"ankle_fwd_l"
bind/112/bone = -1
bind/112/pose = Transform3D(-0.05718882, 0.9922455, 0.11035766, -0.99812245, -0.05925342, 0.01551759, 0.021936292, -0.10926296, 0.9937709, -9.328313, 15.539228, -2.7929997)
bind/113/name = &"calf_twist_02_l"
bind/113/bone = -1
bind/113/pose = Transform3D(-0.044064496, 0.9982879, 0.038468514, -0.14803676, 0.031556122, -0.98847836, -0.9879998, -0.04925154, 0.1463928, -35.67906, 2.1510808, 14.343334)
bind/114/name = &"calf_twist_01_l"
bind/114/bone = -1
bind/114/pose = Transform3D(-0.0440645, 0.9982879, 0.03846851, -0.14803676, 0.03155612, -0.9884785, -0.98799986, -0.04925155, 0.1463928, -21.622128, 1.4968991, 14.482067)
bind/115/name = &"calf_correctiveRoot_l"
bind/115/bone = -1
bind/115/pose = Transform3D(-0.04422613, 0.9953626, 0.08542618, -0.1502558, 0.07790973, -0.98557276, -0.98765755, -0.05642383, 0.14611337, -49.709206, 0.49506256, 14.637092)
bind/116/name = &"calf_kneeBack_l"
bind/116/bone = -1
bind/116/pose = Transform3D(-0.047817543, 0.9896562, 0.13525735, 0.9806446, 0.07225325, -0.18197809, -0.18986844, 0.1239376, -0.97395587, -49.071304, -15.064167, -7.115467)
bind/117/name = &"calf_knee_l"
bind/117/bone = -1
bind/117/pose = Transform3D(-0.047817327, 0.9896561, 0.13525766, -0.9806443, -0.07225323, 0.18197908, 0.1898695, -0.12393785, 0.9739556, -49.57216, 15.054255, -3.8884244)
bind/118/name = &"thigh_twist_01_l"
bind/118/bone = -1
bind/118/pose = Transform3D(-0.046726953, 0.9986945, 0.02063824, -0.14721805, 0.01355006, -0.98901147, -0.9879999, -0.0492518, 0.14639272, -78.5641, 3.042412, 14.149883)
bind/119/name = &"thigh_twist_02_l"
bind/119/bone = -1
bind/119/pose = Transform3D(-0.04672695, 0.9986945, 0.020638281, -0.14721805, 0.013550106, -0.98901147, -0.9879999, -0.0492518, 0.14639272, -64.12091, 3.3720164, 14.214978)
bind/120/name = &"thigh_correctiveRoot_l"
bind/120/bone = -1
bind/120/pose = Transform3D(-0.054524112, 0.9985117, -0.0012712857, -0.1460128, -0.009232589, -0.9892399, -0.9877792, -0.053751785, 0.1462989, -92.8568, 4.832536, 14.503779)
bind/121/name = &"thigh_bck_l"
bind/121/bone = -1
bind/121/pose = Transform3D(-0.05452442, 0.9985117, -0.0012711023, 0.98777914, 0.053752113, -0.1462996, -0.14601344, -0.009232487, -0.9892399, -97.89221, -13.010849, -5.223233)
bind/122/name = &"thigh_fwd_l"
bind/122/bone = -1
bind/122/pose = Transform3D(-0.054524604, 0.9985117, -0.0012719786, -0.98777914, -0.05375216, 0.14629951, 0.14601333, 0.009233376, 0.9892398, -97.08633, 13.756452, -11.605728)
bind/123/name = &"thigh_out_l"
bind/123/bone = -1
bind/123/pose = Transform3D(-0.054520182, 0.9985119, -0.0012717722, 0.14601389, 0.009232553, 0.98924005, 0.9877793, 0.053747814, -0.14629994, -98.670944, -4.2461023, -19.626122)
bind/124/name = &"thigh_bck_lwr_l"
bind/124/bone = -1
bind/124/pose = Transform3D(-0.05452447, 0.9985117, -0.0012710864, 0.9877791, 0.053752158, -0.14629962, -0.1460135, -0.009232481, -0.9892398, -87.5583, -13.273665, -5.658997)
bind/125/name = &"thigh_in_l"
bind/125/bone = -1
bind/125/pose = Transform3D(-0.054524243, 0.9985117, -0.001271361, -0.14601327, -0.00923271, -0.98923975, -0.9877791, -0.053751897, 0.14629938, -81.98793, 5.659232, 5.9486017)
bind/126/name = &"thigh_fwd_lwr_l"
bind/126/bone = -1
bind/126/pose = Transform3D(-0.054524604, 0.9985117, -0.0012719786, -0.98777914, -0.05375216, 0.14629951, 0.14601333, 0.009233376, 0.9892398, -91.735855, 13.855418, -12.220459)
bind/127/name = &"ik_foot_root"
bind/127/bone = -1
bind/127/pose = Transform3D(1, 0, -8.742278e-08, -8.742278e-08, 0, -1, 0, 1, 0, 0, 0, 0)
bind/128/name = &"ik_foot_l"
bind/128/bone = -1
bind/128/pose = Transform3D(-0.0148274675, 0.9998082, 0.012795629, -0.045693927, 0.012106116, -0.9988819, -0.9988454, -0.015395575, 0.04550567, -13.106662, -7.445839, 17.631195)
bind/129/name = &"ik_foot_r"
bind/129/bone = -1
bind/129/pose = Transform3D(-0.014828625, -0.9998071, -0.012795654, -0.045695886, -0.01210602, 0.99888223, -0.9988453, 0.01539745, -0.04550761, 13.10647, 7.4458222, -17.631248)
bind/130/name = &"ik_hand_root"
bind/130/bone = -1
bind/130/pose = Transform3D(1, 0, -8.742278e-08, -8.7422784e-08, 0, -1.0000001, 0, 1, 0, 0, 0, 0)
bind/131/name = &"ik_hand_gun"
bind/131/bone = -1
bind/131/pose = Transform3D(0.68747425, 0.57604176, -0.44221625, -0.6143581, 0.7860217, 0.06880323, 0.38722515, 0.22437868, 0.8942655, -25.537725, -122.56055, -2.8238137)
bind/132/name = &"ik_hand_l"
bind/132/bone = -1
bind/132/pose = Transform3D(0.6874744, -0.5760417, 0.44221607, -0.6143577, -0.7860222, -0.068804145, 0.38722566, -0.22437774, -0.8942655, 25.537798, 122.56052, 2.8236651)
bind/133/name = &"ik_hand_r"
bind/133/bone = -1
bind/133/pose = Transform3D(0.6874742, 0.5760417, -0.44221625, -0.6143581, 0.7860218, 0.0688033, 0.3872252, 0.22437865, 0.89426553, -25.537731, -122.56055, -2.823799)
bind/134/name = &"weaponctrl_l"
bind/134/bone = -1
bind/134/pose = Transform3D(1, 0, -8.742278e-08, -8.742278e-08, 0, -1, 0, 1, 0, -56.646027, -0.33520228, -111.679695)
bind/135/name = &"weaponctrl_r"
bind/135/bone = -1
bind/135/pose = Transform3D(1, 0, -8.742278e-08, -8.742278e-08, 0, -1, 0, 1, 0, 56.646027, -0.33520228, -111.679695)
bind/136/name = &"camera"
bind/136/bone = -1
bind/136/pose = Transform3D(3.1178564e-07, 0.9997345, -0.023042366, -9.090591e-08, -0.023042368, -0.9997346, -1.0000001, 3.1388458e-07, 8.39145e-08, -165.5638, -0.16269425, -4.3703043e-05)
bind/137/name = &"neutral_bone"
bind/137/bone = -1
bind/137/pose = Transform3D(1, 0, -8.742278e-08, -8.742278e-08, 0, -1, 0, 1, 0, 0, 0, 0)

[sub_resource type="ParticleProcessMaterial" id="ParticleProcessMaterial_kdsgb"]
particle_flag_align_y = true
particle_flag_rotate_y = true
angle_min = 1.0728835e-05
angle_max = 1.0728835e-05
direction = Vector3(0, 0, -1)
spread = 0.0
initial_velocity_min = 0.099999994
initial_velocity_max = 0.099999994
gravity = Vector3(0, 0, 0)
color = Color(0.95686275, 0.76862746, 0.43137255, 1)
anim_offset_max = 1.0

[sub_resource type="QuadMesh" id="QuadMesh_m8toa"]
size = Vector2(20, 20)

[sub_resource type="QuadMesh" id="QuadMesh_c1nm3"]
size = Vector2(2, 2)
subdivide_width = 5

[sub_resource type="Curve" id="Curve_ulwx7"]
_data = [Vector2(0, 0), 0.0, 0.0, 0, 0, Vector2(0.494, 0.967), 0.0, 0.0, 0, 0, Vector2(1, 0), 0.0, 0.0, 0, 0]
point_count = 3

[sub_resource type="CurveTexture" id="CurveTexture_m8toa"]
curve = SubResource("Curve_ulwx7")

[sub_resource type="Curve" id="Curve_fbhf0"]
_data = [Vector2(0, 0.033), 0.0, 2.764, 0, 0, Vector2(0.364, 0.688), 0.865, 0.865, 0, 0, Vector2(1, 1), 0.0, 0.0, 0, 0]
point_count = 3

[sub_resource type="CurveTexture" id="CurveTexture_ulwx7"]
curve = SubResource("Curve_fbhf0")

[sub_resource type="ParticleProcessMaterial" id="ParticleProcessMaterial_m8toa"]
particle_flag_damping_as_friction = true
angle_min = -360.0
angle_max = 360.00003
inherit_velocity_ratio = 1.0
direction = Vector3(0, 0, -1)
spread = 25.0
initial_velocity_min = 2.0
initial_velocity_max = 6.0
gravity = Vector3(0, 0, 0)
linear_accel_min = 0.99999774
linear_accel_max = 2.9999976
damping_min = 1.0
damping_max = 3.0000002
attractor_interaction_enabled = false
scale_min = 0.79999995
scale_curve = SubResource("CurveTexture_ulwx7")
color = Color(0.14901961, 0.14901961, 0.14901961, 1)
alpha_curve = SubResource("CurveTexture_m8toa")
anim_offset_max = 1.0

